1 1
2 1
3 3
4 4
5 5
6 6
7 7
8 1
9 1
10 1
11 11
12 12
13 1
14 1
15 1
16 1
17 1
18 1
19 19
20 1
21 1
22 1
23 1
24 1
25 25
26 1
27 27
28 1
29 29
30 30
31 1
32 12
33 33
34 34
35 1
36 1
37 37
38 38
39 39
40 1
41 41
42 1
43 43
44 44
45 12
46 1
47 1
48 48
49 49
50 50
51 51
52 52
53 1
54 54
55 1
56 1
57 57
58 58
59 59
60 60
61 61
62 62
63 63
64 1
65 27
66 66
67 67
68 1
69 12
70 1
71 71
72 1
73 1
74 74
75 1
76 76
77 1
78 78
79 1
80 80
81 81
82 82
83 83
84 1
85 1
86 86
87 1
88 88
89 1
90 1
91 91
92 1
93 1
94 94
95 1
96 96
97 1
98 1
99 1
100 1
101 1
102 1
103 82
104 104
105 105
106 106
107 107
108 108
109 1
110 110
111 111
112 112
113 1
114 1
115 1
116 116
117 117
118 1
119 11
120 120
121 1
122 122
123 1
124 1
125 1
126 126
127 127
128 128
129 78
130 130
131 131
132 1
133 81
134 134
135 135
136 11
137 1
138 138
139 139
140 1
141 116
142 38
143 1
144 1
145 145
146 146
147 1
148 148
149 1
150 1
151 1
152 152
153 153
154 154
155 1
156 12
157 1
158 158
159 1
160 160
161 161
162 1
163 27
164 164
165 1
166 1
167 1
168 1
169 169
170 1
171 171
172 1
173 173
174 174
175 175
176 176
177 1
178 110
179 82
180 1
181 1
182 182
183 183
184 128
185 1
186 186
187 1
188 1
189 1
190 1
191 1
192 128
193 193
194 1
195 195
196 196
197 197
198 1
199 199
200 200
201 1
202 1
203 80
204 1
205 1
206 206
207 1
208 81
209 1
210 1
211 1
212 96
213 173
214 214
215 215
216 1
217 1
218 1
219 1
220 6
221 221
222 222
223 1
224 1
225 128
226 226
227 1
228 228
229 1
230 1
231 231
232 232
233 233
234 234
235 12
236 236
237 152
238 238
239 1
240 240
241 241
242 242
243 1
244 105
245 127
246 246
247 247
248 116
249 249
250 12
251 251
252 252
253 1
254 254
255 255
256 1
257 1
258 258
259 1
260 260
261 261
262 1
263 263
264 1
265 265
266 266
267 267
268 1
269 269
270 270
271 271
272 272
273 1
274 27
275 1
276 276
277 12
278 1
279 1
280 1
281 1
282 1
283 283
284 128
285 285
286 286
287 222
288 1
289 1
290 1
291 291
292 292
293 1
294 294
295 1
296 11
297 1
298 1
299 1
300 1
301 1
302 302
303 158
304 304
305 1
306 306
307 1
308 1
309 1
310 29
311 1
312 11
313 1
314 314
315 5
316 1
317 1
318 318
319 319
320 320
321 238
322 322
323 1
324 324
325 325
326 1
327 327
328 12
329 1
330 330
331 1
332 332
333 160
334 334
335 1
336 336
337 1
338 1
339 339
340 283
341 1
342 342
343 343
344 1
345 11
346 346
347 1
348 348
349 1
350 1
351 1
352 1
353 1
354 354
355 1
356 1
357 1
358 66
359 359
360 360
361 361
362 1
363 1
364 12
365 1
366 366
367 367
368 160
369 369
370 128
371 1
372 372
373 1
374 1
375 375
376 376
377 38
378 1
379 1
380 6
381 12
382 1
383 1
384 1
385 1
386 386
387 1
388 12
389 1
390 390
391 1
392 392
393 1
394 1
395 395
396 1
397 397
398 398
399 1
400 400
401 1
402 1
403 1
404 404
405 1
406 11
407 407
408 408
409 1
410 1
411 411
412 412
413 413
414 241
415 241
416 27
417 1
418 158
419 1
420 6
421 1
422 1
423 423
424 249
425 425
426 6
427 332
428 27
429 429
430 430
431 1
432 1
433 433
434 1
435 435
436 1
437 1
438 1
439 130
440 1
441 1
442 442
443 443
444 1
445 1
446 1
447 447
448 448
449 1
450 29
451 1
452 1
453 1
454 1
455 455
456 456
457 457
458 458
459 459
460 1
461 1
462 462
463 463
464 464
465 1
466 1
467 1
468 1
469 1
470 1
471 43
472 1
473 473
474 128
475 1
476 476
477 1
478 478
479 1
480 1
481 1
482 482
483 1
484 1
485 485
486 486
487 400
488 127
489 1
490 11
491 1
492 1
493 1
494 1
495 1
496 1
497 497
498 1
499 499
500 11
501 110
502 1
503 1
504 1
505 505
506 1
507 507
508 1
509 128
510 510
511 27
512 1
513 513
514 175
515 117
516 1
517 1
518 5
519 5
520 520
521 1
522 522
523 523
524 1
525 1
526 526
527 1
528 528
529 529
530 530
531 531
532 1
533 533
534 193
535 1
536 1
537 1
538 1
539 11
540 127
541 1
542 542
543 1
544 12
545 545
546 546
547 1
548 548
549 1
550 29
551 1
552 552
553 34
554 361
555 38
556 1
557 557
558 558
559 1
560 1
561 1
562 1
563 1
564 12
565 565
566 1
567 1
568 1
569 569
570 1
571 571
572 1
573 1
574 1
575 1
576 576
577 1
578 1
579 1
580 448
581 581
582 582
583 269
584 82
585 1
586 586
587 58
588 175
589 255
590 1
591 1
592 592
593 593
594 594
595 595
596 1
597 597
598 110
599 599
600 11
601 78
602 11
603 327
604 1
605 1
606 606
607 607
608 608
609 609
610 1
611 611
612 1
613 12
614 1
615 1
616 609
617 1
618 1
619 1
620 1
621 621
622 6
623 1
624 624
625 41
626 1
627 627
628 1
629 629
630 630
631 1
632 632
633 633
634 1
635 1
636 636
637 1
638 638
639 639
640 1
641 1
642 1
643 128
644 1
645 1
646 1
647 1
648 1
649 1
650 1
651 651
652 1
653 1
654 654
655 655
656 656
657 1
658 658
659 160
660 1
661 1
662 1
663 663
664 1
665 665
666 182
667 1
668 548
669 1
670 12
671 249
672 672
673 673
674 241
675 1
676 1
677 1
678 678
679 5
680 1
681 241
682 76
683 130
684 1
685 332
686 686
687 1
688 1
689 138
690 690
691 27
692 692
693 1
694 1
695 695
696 276
697 697
698 698
699 1
700 700
701 1
702 1
703 1
704 1
705 78
706 706
707 707
708 1
709 1
710 710
711 1
712 1
713 1
714 1
715 1
716 1
717 717
718 718
719 719
720 5
721 5
722 1
723 723
724 724
725 1
726 1
727 1
728 728
729 1
730 6
731 1
732 62
733 733
734 734
735 1
736 1
737 6
738 738
739 1
740 38
741 1
742 742
743 1
744 11
745 116
746 746
747 1
748 748
749 80
750 750
751 751
752 752
753 753
754 1
755 1
756 1
757 27
758 758
759 759
760 80
761 761
762 11
763 11
764 11
765 11
766 80
767 11
768 768
769 769
770 770
771 771
772 80
773 11
774 11
775 80
776 80
777 11
778 80
779 779
780 780
781 11
782 11
783 783
784 80
785 785
786 11
787 80
788 11
789 789
790 11
791 11
792 11
793 80
794 794
795 795
796 771
797 78
798 327
799 799
800 800
801 11
802 802
803 11
804 804
805 805
806 11
807 11
808 808
809 1
810 11
811 805
812 1
813 11
814 80
815 11
816 11
817 11
818 11
819 819
820 794
821 794
822 11
823 11
824 11
825 825
826 11
827 80
828 80
829 11
830 11
831 82
832 832
833 1
834 834
835 11
836 11
837 11
838 11
839 11
840 11
841 80
842 771
843 80
844 844
845 845
846 11
847 11
848 848
849 849
850 80
851 80
852 11
853 853
854 80
855 80
856 11
857 11
858 80
859 11
860 11
861 1
862 862
863 863
864 11
865 11
866 866
867 867
868 868
869 869
870 771
871 871
872 872
873 771
874 80
875 875
876 80
877 877
878 11
879 11
880 5
881 11
882 80
883 11
884 624
885 11
886 11
887 11
888 888
889 889
890 128
891 80
892 11
893 80
894 11
895 11
896 548
897 11
898 898
899 899
900 11
901 11
902 902
903 80
904 11
905 905
906 906
907 11
908 771
909 11
910 910
911 597
912 128
913 913
914 805
915 80
916 11
917 917
918 11
919 11
920 913
921 11
922 11
923 923
924 924
925 80
926 1
927 11
928 928
929 929
930 11
931 804
932 11
933 11
934 11
935 11
936 11
937 11
938 11
939 939
940 80
941 11
942 11
943 11
944 11
945 945
946 80
947 11
948 948
949 949
950 11
951 951
952 11
953 11
954 954
955 11
956 11
957 957
958 958
959 11
960 80
961 11
962 11
963 1
964 11
965 80
966 11
967 11
968 11
969 969
970 11
971 11
972 5
973 11
974 11
975 80
976 976
977 11
978 978
979 128
980 771
981 11
982 11
983 983
984 11
985 985
986 986
987 987
988 11
989 80
990 804
991 11
992 80
993 11
994 11
995 995
996 624
997 997
998 11
999 999
1000 80
1001 11
1002 1002
1003 80
1004 11
1005 1005
1006 80
1007 11
1008 11
1009 899
1010 11
1011 1011
1012 1012
1013 11
1014 11
1015 80
1016 1016
1017 1017
1018 11
1019 1019
1020 11
1021 11
1022 1022
1023 11
1024 11
1025 802
1026 80
1027 1027
1028 34
1029 1029
1030 1030
1031 11
1032 1032
1033 1033
1034 1034
1035 1035
1036 11
1037 11
1038 11
1039 1039
1040 11
1041 11
1042 1042
1043 1043
1044 771
1045 11
1046 1046
1047 11
1048 11
1049 11
1050 1050
1051 11
1052 11
1053 771
1054 11
1055 11
1056 1056
1057 945
1058 945
1059 1059
1060 11
1061 11
1062 11
1063 11
1064 1064
1065 80
1066 1066
1067 802
1068 80
1069 11
1070 33
1071 11
1072 80
1073 1073
1074 1
1075 1075
1076 80
1077 80
1078 624
1079 128
1080 80
1081 11
1082 11
1083 11
1084 11
1085 80
1086 1086
1087 80
1088 11
1089 1089
1090 80
1091 11
1092 11
1093 80
1094 1094
1095 899
1096 11
1097 1097
1098 1098
1099 1099
1100 1100
1101 11
1102 80
1103 11
1104 11
1105 80
1106 11
1107 1107
1108 862
1109 507
1110 1110
1111 1111
1112 11
1113 11
1114 802
1115 11
1116 899
1117 1117
1118 1118
1119 11
1120 1120
1121 11
1122 1122
1123 11
1124 80
1125 80
1126 80
1127 802
1128 11
1129 80
1130 80
1131 1
1132 1132
1133 11
1134 761
1135 11
1136 1136
1137 1137
1138 1138
1139 1139
1140 1140
1141 11
1142 1142
1143 1143
1144 11
1145 1145
1146 80
1147 1147
1148 951
1149 80
1150 11
1151 1151
1152 11
1153 11
1154 80
1155 11
1156 898
1157 1157
1158 1158
1159 325
1160 899
1161 11
1162 11
1163 80
1164 11
1165 80
1166 11
1167 862
1168 11
1169 11
1170 1170
1171 80
1172 11
1173 1173
1174 1174
1175 11
1176 11
1177 11
1178 1178
1179 11
1180 11
1181 1181
1182 1182
1183 794
1184 1184
1185 11
1186 768
1187 11
1188 11
1189 145
1190 1190
1191 11
1192 1192
1193 1046
1194 80
1195 11
1196 80
1197 1197
1198 11
1199 11
1200 11
1201 11
1202 11
1203 1203
1204 11
1205 1205
1206 1205
1207 80
1208 11
1209 11
1210 80
1211 11
1212 11
1213 80
1214 11
1215 11
1216 995
1217 11
1218 899
1219 11
1220 80
1221 80
1222 11
1223 11
1224 80
1225 1
1226 80
1227 80
1228 1228
1229 1
1230 1230
1231 11
1232 11
1233 1233
1234 1029
1235 1235
1236 11
1237 1237
1238 11
1239 11
1240 11
1241 1241
1242 80
1243 1243
1244 80
1245 11
1246 11
1247 1
1248 1248
1249 11
1250 11
1251 771
1252 863
1253 11
1254 995
1255 82
1256 995
1257 11
1258 11
1259 1259
1260 1259
1261 11
1262 1262
1263 11
1264 11
1265 1265
1266 11
1267 805
1268 11
1269 11
1270 11
1271 80
1272 1272
1273 80
1274 11
1275 899
1276 875
1277 11
1278 771
1279 1279
1280 11
1281 1281
1282 11
1283 1283
1284 1284
1285 1285
1286 11
1287 80
1288 80
1289 11
1290 771
1291 11
1292 1292
1293 325
1294 1294
1295 11
1296 11
1297 1297
1298 11
1299 1299
1300 80
1301 80
1302 1
1303 11
1304 1304
1305 80
1306 11
1307 80
1308 80
1309 11
1310 80
1311 1311
1312 1312
1313 11
1314 11
1315 11
1316 11
1317 11
1318 11
1319 1319
1320 11
1321 80
1322 80
1323 80
1324 1324
1325 11
1326 11
1327 1327
1328 11
1329 11
1330 804
1331 1331
1332 11
1333 11
1334 11
1335 11
1336 1336
1337 11
1338 80
1339 11
1340 1
1341 624
1342 5
1343 1343
1344 80
1345 11
1346 11
1347 1347
1348 11
1349 80
1350 80
1351 11
1352 11
1353 1353
1354 81
1355 11
1356 80
1357 11
1358 1358
1359 771
1360 11
1361 624
1362 11
1363 1363
1364 80
1365 80
1366 80
1367 80
1368 1279
1369 11
1370 1370
1371 11
1372 80
1373 11
1374 11
1375 995
1376 1376
1377 1377
1378 768
1379 11
1380 1380
1381 11
1382 11
1383 80
1384 11
1385 80
1386 1386
1387 11
1388 80
1389 80
1390 11
1391 1391
1392 11
1393 11
1394 267
1395 11
1396 11
1397 1
1398 11
1399 11
1400 1400
1401 11
1402 863
1403 1262
1404 80
1405 1
1406 80
1407 11
1408 11
1409 11
1410 11
1411 80
1412 11
1413 11
1414 11
1415 80
1416 80
1417 1417
1418 11
1419 11
1420 771
1421 995
1422 11
1423 11
1424 1424
1425 11
1426 995
1427 11
1428 1428
1429 11
1430 11
1431 11
1432 808
1433 1192
1434 80
1435 11
1436 11
1437 11
1438 80
1439 11
1440 11
1441 80
1442 624
1443 1443
1444 80
1445 11
1446 11
1447 1447
1448 1448
1449 11
1450 11
1451 11
1452 1452
1453 1453
1454 1454
1455 11
1456 11
1457 11
1458 11
1459 11
1460 11
1461 11
1462 1462
1463 11
1464 1464
1465 1465
1466 1466
1467 1467
1468 804
1469 80
1470 1470
1471 11
1472 80
1473 58
1474 1474
1475 11
1476 11
1477 1
1478 11
1479 11
1480 1480
1481 11
1482 11
1483 1483
1484 11
1485 80
1486 80
1487 80
1488 958
1489 958
1490 802
