1280 767
572 2
1378 768
52 2
136 773
238 2
602 773
720 5
1446 773
722 8
897 773
278 8
1141 773
596 8
1455 774
267 8
1344 775
567 8
1005 775
440 13
777 775
119 14
838 777
1089 21
919 777
24 23
518 779
402 23
918 781
340 23
1175 781
222 23
1331 782
1380 23
991 786
610 23
1407 791
511 23
1168 792
357 23
1176 792
575 23
1083 792
155 23
1305 793
434 24
1213 793
154 24
327 798
23 24
1490 802
55 24
1025 802
107 24
914 805
450 29
1267 805
310 29
998 810
351 29
1023 810
699 29
859 810
409 29
1439 810
541 31
1461 810
598 35
864 813
377 38
744 818
76 40
794 820
718 40
821 820
625 41
820 821
717 45
1266 826
83 46
559 828
640 55
765 830
374 55
1391 835
35 55
1437 837
405 55
1277 837
757 65
1113 837
446 72
1041 837
647 72
870 842
475 75
1468 851
682 76
1487 851
705 78
1354 854
797 78
850 854
129 78
920 854
208 81
1426 855
584 82
1350 855
1099 82
1036 855
67 82
996 855
628 85
1328 855
462 85
1336 855
516 85
1338 855
716 85
1128 855
739 86
1414 855
502 89
1162 855
467 89
1416 855
212 96
1282 855
536 100
1304 855
73 100
992 855
78 101
954 855
363 101
1404 855
553 101
1150 855
411 101
1308 855
137 101
1182 855
585 101
1202 855
65 101
878 855
556 115
1104 855
237 117
784 855
1148 119
1486 855
840 119
848 855
1152 119
1006 855
328 119
1296 855
1261 119
1406 855
1289 119
1190 855
499 119
854 855
601 119
1264 855
1223 119
1030 855
397 121
1428 855
104 124
1172 855
712 137
1210 855
144 137
1076 855
609 137
1146 855
101 137
1178 855
689 138
1300 855
504 140
1226 855
713 140
874 855
19 144
1106 855
281 144
1200 855
1189 145
1470 855
619 150
1298 855
349 150
1218 855
561 151
1346 855
428 155
1472 855
390 155
1102 855
12 155
872 855
492 155
1154 855
626 155
1362 855
98 155
966 855
664 155
1126 855
652 155
860 855
46 155
1434 855
172 155
1008 855
190 155
828 855
378 155
26 155
188 155
362 155
132 155
1004 155
42 155
102 155
1286 155
1220 855
170 155
1352 855
532 155
1438 855
1216 155
1242 855
28 155
974 855
1382 155
1070 855
274 155
812 855
704 155
1408 855
32 155
1422 855
1326 155
1130 855
970 155
858 855
352 155
1196 855
1224 855
1026 855
766 855
20 155
894 855
668 155
1394 855
444 155
1156 855
416 155
1332 855
422 155
1474 855
1212 155
1064 855
68 155
760 855
384 155
1090 855
451 155
1116 855
147 155
882 855
667 155
806 855
307 155
1072 855
623 155
876 855
443 155
1388 855
355 155
856 855
347 155
1432 855
637 155
80 855
77 155
1034 855
143 155
1214 855
491 155
1458 855
683 155
972 855
527 155
780 855
277 155
1360 855
123 155
946 855
177 155
1334 855
563 155
938 855
305 155
1108 855
159 155
1322 855
43 155
1384 855
301 155
1444 855
117 155
940 855
257 155
276 855
163 155
1236 855
39 155
1194 855
211 155
309 155
217 155
1088 855
880 855
776 855
778 855
1329 855
1393 855
1255 855
1097 855
781 855
775 855
1467 855
515 855
1165 855
787 855
1377 855
1217 855
1075 855
1297 855
1125 855
1383 855
827 855
1427 855
1017 855
849 855
915 855
1433 855
1219 855
229 155
847 855
551 155
149 155
1345 155
383 155
391 155
287 155
13 155
323 155
537 155
365 155
670 156
564 156
418 158
659 160
333 160
481 162
313 165
316 167
660 167
684 167
560 167
387 167
469 167
389 167
185 167
479 167
1353 855
869 855
987 855
907 855
937 855
1187 855
773 855
1007 855
1149 855
1157 855
1369 855
1081 855
935 855
1287 855
1321 855
883 855
925 855
843 855
1185 855
1343 855
1135 855
1077 855
1385 855
1133 855
965 855
253 167
661 168
382 170
201 172
577 172
213 173
87 181
666 182
90 185
829 855
895 855
1115 855
1205 855
1367 855
1047 855
1117 855
1123 855
1271 855
1421 855
1211 855
1339 855
1471 855
1415 855
1207 855
1231 855
981 855
1441 855
1139 855
1015 855
1265 855
841 855
953 855
1357 855
1227 855
793 855
1101 855
1087 855
1163 855
1085 855
975 855
1129 855
903 855
1459 855
1161 855
1411 855
1489 855
891 855
889 855
1469 855
1351 855
879 855
807 855
1371 855
1375 855
1349 855
941 855
1389 855
1323 855
1281 855
1485 855
825 855
811 855
1313 855
993 855
871 855
927 855
901 855
1423 855
989 855
803 855
1105 855
1301 855
1402 863
1237 872
1276 875
962 882
1188 882
1065 882
500 887
979 891
1315 892
813 892
939 892
1095 899
1418 900
805 914
950 922
1092 935
1169 935
837 935
1244 937
1401 941
817 944
1060 950
1398 956
1091 956
361 956
216 963
1314 963
230 963
1302 963
1405 963
1397 963
1247 963
1184 968
774 971
833 974
912 979
474 979
890 979
284 979
184 979
643 979
509 979
1079 979
225 979
736 189
842 980
410 189
227 189
512 191
40 191
224 191
202 191
578 191
264 191
1374 980
1044 980
888 980
1290 980
900 980
1028 980
1278 980
835 980
771 980
1359 980
909 980
1451 980
1251 980
873 980
1316 981
1361 990
884 996
624 996
1078 996
1341 996
1080 1000
1068 1000
814 1000
1124 1000
796 1000
1356 1000
1318 1000
632 1000
1476 1000
852 1000
1372 1000
1038 1000
815 1000
1475 1000
995 1000
1449 1000
203 1000
1307 1000
1048 1001
1473 1001
899 1009
1195 1010
1440 1021
34 1028
851 1028
934 1037
1062 1037
1192 1037
600 1037
930 1037
904 1037
893 1037
799 1037
1409 1037
959 1037
943 1037
763 1037
881 1037
955 1037
865 1037
1201 1037
1014 1041
994 1045
648 191
680 191
700 191
21 191
283 191
489 191
1477 191
589 191
501 191
449 191
393 191
573 191
75 191
534 193
688 202
82 204
186 209
396 209
210 209
438 210
173 213
460 218
72 218
150 218
56 218
468 218
547 218
603 218
631 218
417 218
99 218
477 218
219 218
669 218
495 218
730 220
189 227
273 227
140 229
85 229
272 238
2 238
321 238
674 241
414 241
317 243
368 245
488 245
540 245
127 245
103 245
749 245
116 248
651 259
360 264
645 268
583 269
696 276
79 278
259 283
655 283
436 295
299 298
298 299
1180 301
373 301
243 317
198 323
239 323
725 326
496 331
314 332
427 332
911 349
654 357
690 357
66 358
554 361
350 363
282 363
432 363
244 363
275 363
513 363
37 363
693 363
133 363
740 377
38 377
22 387
100 387
618 387
288 394
209 396
439 399
613 399
487 400
401 402
29 409
241 415
681 415
158 418
303 418
737 420
671 424
96 427
332 427
53 427
341 434
570 436
295 436
743 436
215 440
580 448
471 448
114 453
466 454
192 454
548 454
612 454
256 454
498 454
662 454
686 454
550 454
354 454
200 454
370 454
142 454
62 454
86 454
358 454
291 454
755 454
505 454
595 454
7 454
193 454
587 454
399 454
809 454
337 454
223 454
745 454
353 454
497 454
41 454
205 454
747 454
726 460
676 460
218 460
604 460
187 460
729 460
461 460
152 461
634 465
714 468
130 469
621 469
167 469
675 472
10 477
181 477
1225 480
519 480
162 481
106 481
88 481
400 487
1478 490
967 490
419 490
1335 490
620 492
703 492
1229 492
97 492
331 496
110 501
178 501
568 503
248 505
1109 507
702 508
168 508
708 508
44 508
59 508
165 508
392 511
1410 514
836 514
588 514
70 514
1140 514
605 514
121 514
311 514
525 514
175 514
709 514
5 514
207 514
721 519
1342 539
245 540
590 547
896 548
233 550
454 559
514 559
574 559
824 559
115 559
615 559
562 561
151 561
364 564
544 564
388 564
250 564
69 564
235 564
8 567
318 568
452 568
246 568
404 568
694 568
300 568
36 568
861 568
367 568
429 568
731 568
381 568
329 568
279 568
597 568
1131 568
517 568
141 568
503 568
549 568
521 568
335 570
194 573
542 574
18 579
89 579
448 580
269 583
252 585
326 585
220 585
1233 585
27 585
255 589
530 600
1183 600
616 609
315 609
51 612
156 615
280 615
484 615
961 615
524 618
380 622
465 623
338 640
543 640
166 641
1074 642
591 642
445 642
1 644
109 644
268 645
191 648
408 659
160 659
30 659
738 659
128 659
171 659
407 659
262 660
371 660
182 666
579 669
424 671
472 675
687 675
379 681
415 681
732 687
421 687
385 687
138 689
15 699
45 699
508 708
95 726
180 729
14 729
1250 729
754 729
506 729
470 729
124 729
650 729
406 729
936 729
16 729
290 729
490 729
480 729
644 729
886 729
118 729
296 729
566 729
756 729
394 729
538 729
642 729
535 729
293 729
93 729
453 729
345 729
649 729
711 729
735 729
483 729
653 729
727 729
1463 729
1063 729
297 729
641 729
635 729
677 729
113 729
31 729
441 729
1051 729
1209 729
289 729
125 729
157 729
145 729
617 729
1381 729
179 729
47 729
493 729
657 731
292 735
420 737
758 737
622 737
6 737
426 737
555 737
204 741
646 741
84 741
64 741
356 741
614 741
308 741
17 741
701 741
437 741
685 741
973 741
857 741
431 741
691 741
105 747
344 756
494 756
715 756
403 756
9 756
1166 762
1254 762
1082 762
885 762
1387 762
1061 762
1269 762
1153 762
1330 765
830 765
990 765
1232 765
1122 765
792 765
1482 765
1197 765
1193 1046
1158 1047
798 1047
1306 1047
312 1047
762 1047
952 1047
908 1047
1000 1047
1325 1047
855 1047
1447 1047
249 1047
963 1047
1479 1047
1215 1047
949 1047
1191 1047
933 1048
1366 1049
1121 1049
782 1051
741 1051
1337 1051
1013 1051
1045 1051
1365 1051
971 1051
956 1052
1417 1052
910 1054
1396 1054
944 1055
1368 1055
1164 1055
11 1055
1317 1055
1379 1055
1155 1055
1239 1055
767 1055
1429 1055
1119 1055
1058 1057
945 1058
1057 1058
1240 1061
779 1061
1127 1067
1096 1070
33 1070
1203 1076
1084 1081
1448 1081
1222 1088
1160 1095
834 1101
1310 1108
862 1108
507 1109
1020 1112
1018 1112
1069 1112
802 1133
761 1134
58 1135
1333 1135
1144 1150
1208 1153
1450 1153
1445 1153
1419 1153
1171 1153
977 1153
1179 1153
898 1154
958 1154
1293 1159
325 1159
1136 1177
1435 1177
1238 1185
1258 1187
1086 1187
980 1187
1256 1187
913 1187
1021 1187
1399 1191
1198 1192
1046 1193
1010 1195
1206 1205
892 1214
442 1214
1037 1214
823 1214
1268 1222
1460 1222
1442 1227
1042 1231
916 1231
1052 1231
816 1231
679 1231
1412 1236
846 1245
1270 1245
1204 1245
1319 1245
1275 1246
978 1252
831 1255
1260 1260
1259 1260
1403 1262
1320 1264
984 1270
790 1270
1481 1270
942 1275
875 1276
1159 1293
1309 1295
764 1296
1199 1296
947 1306
951 1306
1295 1309
786 1317
539 1318
800 1320
1249 1320
868 1321
819 1321
1257 1328
804 1330
931 1330
960 1338
932 1339
1009 1351
81 1354
822 1357
1001 1357
968 1360
1340 1360
1413 1360
1253 1360
887 1360
1279 1368
1436 1369
839 1374
929 1375
523 1375
1186 1378
768 1378
922 1384
926 1384
964 1384
1114 1384
1031 1384
1177 1384
1395 1384
1093 1384
1456 1390
1054 1396
788 1401
1364 1402
1252 1402
863 1402
1071 1402
1262 1403
791 1407
1454 1408
1234 1408
1029 1408
1221 1408
1167 1408
1457 1408
1103 1408
1019 1410
772 1411
1246 1411
1420 1411
1274 1411
1288 1411
1053 1411
1273 1411
1348 1414
1100 1425
1430 1429
988 1429
826 1429
1112 1429
982 1429
1055 1429
1245 1429
808 1432
92 1437
1134 1438
1431 1438
1067 1438
1291 1455
1303 1455
1390 1456
1170 1456
1425 1456
818 1459
1373 1459
1040 1461
810 1461
1484 1463
1392 1479
1024 1479
1355 1479
801 1479
1145 1479
1263 1479
983 1479
1049 1482
921 1482
1003 1487
1488 1489
