1188 882
584 891
799 1037
1193 1046
945 1058
1260 1260
1259 1260
1186 1378
1398 1429
1046 23
340 23
222 23
450 29
705 78
129 78
548 101
58 101
392 101
428 155
12 155
628 155
452 155
160 155
646 155
626 155
338 155
344 155
494 155
470 155
310 155
730 155
400 155
462 155
166 155
190 155
378 155
516 155
26 155
188 155
362 155
290 155
70 155
364 155
694 155
116 155
42 155
66 155
170 155
732 155
212 155
532 155
198 155
722 155
28 155
274 155
32 155
382 155
440 155
20 155
668 155
504 155
554 155
416 155
716 155
680 155
448 155
580 155
68 155
384 155
147 155
667 155
307 155
215 155
861 155
715 155
355 155
637 155
77 155
381 155
427 155
553 155
243 155
1225 155
501 155
491 155
683 155
279 155
103 155
277 155
53 155
333 155
69 155
123 155
511 155
757 155
421 155
273 155
689 155
385 155
43 155
1183 155
117 155
163 155
749 155
635 155
235 155
543 155
309 155
217 155
525 155
313 155
175 155
157 155
341 155
713 155
409 155
657 155
709 155
503 155
391 155
287 155
475 155
107 155
45 155
521 155
537 155
365 155
659 160
185 167
666 182
682 191
360 191
278 191
264 191
648 191
700 191
79 191
439 191
613 191
393 191
717 191
87 191
92 218
542 218
502 218
255 218
541 218
540 245
655 283
380 420
96 427
471 448
354 454
244 454
62 454
86 454
358 454
291 454
7 454
193 454
745 454
497 454
44 508
59 508
105 559
625 559
318 568
246 568
404 568
429 568
329 568
597 568
141 568
549 568
426 585
408 659
30 659
738 659
171 659
407 659
182 666
424 671
454 729
180 729
14 729
466 729
24 729
140 729
204 729
514 729
712 729
192 729
512 729
492 729
22 729
460 729
350 729
40 729
434 729
590 729
524 729
292 729
98 729
754 729
664 729
252 729
72 729
688 729
736 729
78 729
144 729
652 729
506 729
84 729
76 729
326 729
740 729
436 729
208 729
124 729
8 729
536 729
34 729
150 729
650 729
152 729
798 729
368 729
316 729
402 729
612 729
256 729
162 729
224 729
726 729
616 729
46 729
1184 729
572 729
172 729
498 729
662 729
114 729
282 729
674 729
52 729
496 729
298 729
16 729
156 729
158 729
702 729
686 729
64 729
634 729
432 729
508 729
640 729
660 729
714 729
10 729
562 729
280 729
446 729
102 729
598 729
488 729
484 729
550 729
534 729
356 729
574 729
130 729
138 729
480 729
530 729
288 729
38 729
644 729
100 729
676 729
300 729
544 729
194 729
118 729
186 729
168 729
556 729
82 729
110 729
472 729
654 729
106 729
248 729
218 729
178 729
56 729
704 729
566 729
756 729
708 729
394 729
88 729
618 729
670 729
1074 729
104 729
272 729
396 729
202 729
418 729
90 729
238 729
18 729
268 729
718 729
568 729
614 729
200 729
578 729
142 729
538 729
220 729
250 729
1380 729
444 729
620 729
690 729
308 729
2 729
570 729
328 729
262 729
36 729
154 729
422 729
596 729
564 729
410 729
374 729
560 729
210 729
642 729
468 729
604 729
451 729
373 729
303 729
201 729
1 729
623 729
703 729
443 729
17 729
535 729
755 729
605 729
21 729
577 729
367 729
331 729
321 729
283 729
347 729
1261 729
293 729
93 729
489 729
621 729
403 729
731 729
453 729
547 729
701 729
363 729
1099 729
81 729
645 729
387 729
649 729
711 729
419 729
603 729
127 729
275 729
741 729
505 729
83 729
9 729
1477 729
651 729
735 729
1279 729
1229 729
467 729
187 729
397 729
631 729
1289 729
379 729
351 729
589 729
95 729
73 729
469 729
507 729
181 729
259 729
237 729
143 729
595 729
579 729
389 729
675 729
499 729
417 729
513 729
437 729
685 729
415 729
527 729
449 729
89 729
241 729
481 729
483 729
269 729
99 729
737 729
601 729
33 729
561 729
1109 729
23 729
1233 729
239 729
177 729
189 729
477 729
1089 729
121 729
653 729
727 729
51 729
219 729
567 729
563 729
305 729
555 729
159 729
301 729
587 729
1131 729
27 729
245 729
559 729
295 729
257 729
335 729
361 729
573 729
487 729
209 729
517 729
39 729
357 729
609 729
297 729
19 729
641 729
729 729
311 729
399 729
37 729
299 729
681 729
677 729
411 729
113 729
165 729
809 729
31 729
661 729
137 729
229 729
647 729
29 729
551 729
591 729
191 729
149 729
693 729
109 729
167 729
519 729
115 729
337 729
15 729
441 729
699 729
401 729
585 729
371 729
227 729
479 729
317 729
223 729
461 729
575 729
615 729
669 729
151 729
101 729
289 729
353 729
125 729
65 729
35 729
383 729
743 729
495 729
725 729
145 729
583 729
41 729
253 729
617 729
1189 729
67 729
431 729
5 729
13 729
619 729
405 729
465 729
323 729
55 729
85 729
691 729
349 729
75 729
179 729
133 729
205 729
445 729
687 729
47 729
747 729
97 729
281 729
207 729
233 729
739 729
377 729
493 729
155 729
420 737
758 737
622 737
6 737
794 820
821 820
820 821
1084 855
772 855
1426 855
1080 855
1410 855
1330 855
1350 855
1036 855
996 855
1328 855
1040 855
1336 855
1338 855
912 855
956 855
390 855
934 855
1430 855
1060 855
1128 855
1414 855
1162 855
810 855
1416 855
1148 855
1282 855
1168 855
1246 855
1304 855
992 855
954 855
1390 855
1404 855
808 855
1058 855
1096 855
842 855
696 855
1150 855
1308 855
1182 855
944 855
1280 855
1310 855
1202 855
1250 855
878 855
1068 855
1062 855
1158 855
1104 855
784 855
1176 855
1486 855
1144 855
962 855
136 855
1010 855
918 855
848 855
216 855
1316 855
1006 855
1296 855
884 855
1402 855
814 855
1344 855
834 855
1320 855
1406 855
1190 855
1262 855
1020 855
988 855
1198 855
968 855
854 855
1468 855
836 855
782 855
1192 855
1264 855
774 855
1030 855
1428 855
1374 855
438 855
1340 855
804 855
984 855
1420 855
1368 855
1172 855
1044 855
1210 855
1076 855
1100 855
1124 855
786 855
602 855
1146 855
474 855
600 855
1178 855
892 855
1300 855
1042 855
910 855
796 855
1454 855
1226 855
406 855
888 855
874 855
588 855
764 855
1266 855
1106 855
1200 855
1470 855
1298 855
1218 855
1258 855
1356 855
994 855
890 855
1346 855
916 855
1014 855
1472 855
284 855
1102 855
872 855
914 855
1306 855
1154 855
840 855
830 855
312 855
1396 855
1362 855
936 855
720 855
1086 855
1136 855
1488 855
862 855
132 855
1052 855
1152 855
1354 855
500 855
818 855
1290 855
966 855
1342 855
1126 855
922 855
1378 855
1004 855
490 855
1170 855
1366 855
1286 855
314 855
900 855
826 855
1392 855
762 855
930 855
1166 855
744 855
860 855
1434 855
1314 855
904 855
952 855
1008 855
518 855
1268 855
990 855
828 855
1418 855
624 855
1318 855
1364 855
926 855
964 855
1446 855
1220 855
1352 855
1438 855
1242 855
332 855
1092 855
1222 855
1274 855
1028 855
632 855
1412 855
1476 855
184 855
974 855
850 855
1070 855
812 855
1408 855
886 855
1422 855
1348 855
1442 855
1130 855
846 855
858 855
1254 855
1196 855
1224 855
1216 855
388 855
898 855
1270 855
296 855
1026 855
822 855
950 855
766 855
958 855
894 855
1394 855
1156 855
1332 855
1474 855
896 855
414 855
852 855
1382 855
1078 855
942 855
1064 855
824 855
1232 855
760 855
1276 855
1372 855
920 855
1484 855
1090 855
1252 855
1116 855
1288 855
1122 855
1238 855
1244 855
1024 855
1326 855
882 855
768 855
806 855
1072 855
1164 855
684 855
876 855
1388 855
970 855
1208 855
1478 855
856 855
1432 855
80 855
1048 855
1448 855
838 855
1436 855
352 855
1112 855
998 855
868 855
864 855
1034 855
816 855
1018 855
1114 855
1214 855
980 855
370 855
1440 855
1458 855
908 855
790 855
972 855
1456 855
1140 855
442 855
1240 855
780 855
1450 855
1000 855
1134 855
1360 855
982 855
1234 855
1204 855
800 855
1054 855
1278 855
230 855
802 855
946 855
610 855
792 855
1206 855
1038 855
1334 855
1082 855
978 855
938 855
1160 855
1108 855
1322 855
788 855
1256 855
1180 855
1384 855
870 855
1444 855
940 855
276 855
1236 855
1194 855
128 855
1482 855
1088 855
1302 855
1460 855
1212 855
1490 855
880 855
960 855
776 855
932 855
778 855
893 855
1053 855
1445 855
1355 855
11 855
1325 855
1329 855
931 855
1393 855
1255 855
1419 855
1097 855
781 855
967 855
775 855
801 855
815 855
1409 855
1467 855
1199 855
851 855
515 855
1425 855
1475 855
1069 855
1165 855
1029 855
787 855
1031 855
855 855
929 855
1377 855
1005 855
1217 855
1075 855
1297 855
345 855
1125 855
1049 855
885 855
835 855
1399 855
1025 855
1383 855
1195 855
919 855
827 855
771 855
1427 855
1017 855
1317 855
849 855
1359 855
1159 855
915 855
1433 855
1219 855
831 855
847 855
1055 855
863 855
1353 855
1437 855
959 855
869 855
987 855
961 855
819 855
1319 855
1405 855
1037 855
1237 855
267 855
907 855
327 855
1407 855
1373 855
937 855
1379 855
1171 855
1155 855
1337 855
791 855
1431 855
1187 855
773 855
1007 855
1065 855
1013 855
1203 855
1149 855
1447 855
643 855
1157 855
1175 855
1245 855
1369 855
943 855
1221 855
763 855
797 855
1081 855
935 855
119 855
1287 855
875 855
1321 855
1481 855
883 855
1177 855
1413 855
925 855
1167 855
1023 855
1121 855
1071 855
973 855
1291 855
843 855
911 855
1417 855
1185 855
173 855
671 855
1009 855
523 855
1435 855
1343 855
1135 855
1077 855
1463 855
1385 855
857 855
1257 855
921 855
839 855
1063 855
1133 855
965 855
1267 855
1091 855
1387 855
829 855
995 855
895 855
899 855
1115 855
1205 855
1367 855
249 855
1047 855
1117 855
1303 855
1123 855
1271 855
881 855
1277 855
1305 855
1421 855
1211 855
1127 855
933 855
1239 855
1339 855
909 855
1449 855
1471 855
1415 855
679 855
1207 855
1231 855
981 855
203 855
211 855
1441 855
859 855
977 855
1061 855
539 855
509 855
721 855
1139 855
1045 855
1003 855
1015 855
1307 855
1315 855
1265 855
897 855
1439 855
1365 855
841 855
953 855
1357 855
1145 855
1227 855
761 855
793 855
1101 855
963 855
1295 855
1087 855
1163 855
1085 855
975 855
1293 855
1129 855
1397 855
779 855
903 855
1345 855
1051 855
1459 855
1161 855
1411 855
823 855
1489 855
891 855
889 855
1269 855
1079 855
1469 855
813 855
1273 855
1351 855
1209 855
1095 855
1113 855
879 855
1401 855
805 855
1057 855
1247 855
955 855
817 855
1179 855
1067 855
807 855
767 855
1253 855
1371 855
1375 855
865 855
913 855
1429 855
1473 855
1349 855
1403 855
941 855
1341 855
1141 855
887 855
1451 855
1169 855
1083 855
1197 855
1389 855
1323 855
1281 855
1461 855
837 855
971 855
1485 855
1153 855
1395 855
1213 855
947 855
1119 855
213 855
833 855
1361 855
1019 855
825 855
1251 855
811 855
1313 855
1479 855
993 855
1381 855
1309 855
871 855
1487 855
225 855
1215 855
1263 855
1333 855
1223 855
325 855
927 855
1021 855
1455 855
765 855
939 855
983 855
901 855
949 855
1275 855
873 855
951 855
1335 855
1331 855
1041 855
1457 855
1391 855
1423 855
1001 855
1093 855
989 855
1103 855
803 855
1105 855
1249 855
991 855
1301 855
777 855
1201 855
1191 855
979 855
315 855
