380 737
272 2
737 737
321 2
840 741
215 13
668 741
1289 14
277 741
646 23
47 741
470 23
1128 762
26 23
1176 762
362 23
1184 762
290 23
1208 762
654 23
1450 762
970 23
804 765
352 23
578 23
690 23
392 23
355 23
77 23
329 23
491 23
942 765
683 23
931 765
527 23
643 765
279 23
829 765
23 23
1253 765
653 23
1083 765
43 23
1361 765
163 23
765 765
749 23
1186 768
635 23
774 774
309 23
1291 774
1193 23
820 820
401 23
794 821
287 23
821 821
107 23
1417 828
739 23
551 828
365 23
92 837
428 24
1014 837
452 24
720 837
626 24
414 837
300 24
1393 837
525 24
771 837
549 24
5 837
29 29
1084 855
740 38
772 855
38 38
1080 855
682 40
1410 855
338 55
1330 855
598 55
1036 855
543 55
996 855
78 78
1328 855
86 86
1338 855
252 101
956 855
274 101
934 855
244 101
1430 855
614 101
1414 855
220 101
1162 855
416 101
810 855
605 101
1148 855
275 101
1282 855
95 101
1168 855
513 101
1246 855
601 101
1390 855
705 101
1404 855
1233 101
808 855
511 101
1096 855
757 101
842 855
587 101
696 855
129 101
1150 855
37 101
1308 855
691 101
944 855
133 101
1310 855
521 101
1202 855
1355 119
1250 855
1267 119
878 855
1303 119
1068 855
951 119
1062 855
616 137
1158 855
499 137
1104 855
19 137
1144 855
411 137
962 855
24 155
136 855
192 155
918 855
160 155
1316 855
548 155
1296 855
350 155
884 855
434 155
1402 855
96 155
814 855
34 155
1344 855
600 155
834 855
190 155
1320 855
496 155
1406 855
70 155
1190 855
640 155
988 855
694 155
854 855
102 155
1468 855
138 155
782 855
170 155
1192 855
480 155
1264 855
198 155
1374 855
168 155
1340 855
82 155
1420 855
222 155
1172 855
248 155
1210 855
1382 155
1076 855
178 155
1100 855
704 155
786 855
382 155
602 855
440 155
1146 855
154 155
892 855
422 155
1042 855
564 155
798 855
410 155
874 855
1302 155
588 855
147 155
764 855
307 155
1106 855
201 155
1200 855
623 155
1470 855
731 155
1298 855
381 155
1218 855
1099 155
1346 855
649 155
916 855
83 155
1472 855
1229 155
872 855
243 155
1306 855
237 155
1154 855
389 155
830 855
103 155
312 855
123 155
1396 855
567 155
1086 855
421 155
1488 855
385 155
862 855
27 155
1052 855
361 155
500 855
487 155
818 855
517 155
966 855
641 155
1342 855
217 155
1126 855
229 155
922 855
115 155
1004 855
699 155
900 855
289 155
826 855
65 155
1392 855
341 155
762 855
409 155
930 855
657 155
860 855
503 155
1434 855
471 155
952 855
67 155
1008 855
391 155
518 855
475 155
1268 855
465 155
990 855
323 155
828 855
55 155
1418 855
85 155
624 855
75 155
1364 855
687 155
926 855
281 155
964 855
233 155
1446 855
155 155
1220 855
364 156
1352 855
235 156
332 855
158 158
1092 855
303 158
1222 855
408 160
1028 855
30 160
1412 855
738 160
1408 855
17 160
886 855
171 160
1348 855
407 160
1442 855
106 162
1130 855
662 167
858 855
130 167
1254 855
262 167
898 855
621 167
1270 855
167 167
1026 855
173 173
822 855
182 182
950 855
185 185
766 855
273 189
958 855
292 191
1394 855
688 191
1156 855
76 191
1078 855
8 191
824 855
224 191
1232 855
572 191
760 855
360 191
1372 855
432 191
1122 855
714 191
1238 855
42 191
1244 855
488 191
1024 855
484 191
768 855
550 191
806 855
340 191
1164 855
194 191
684 855
110 191
1478 855
278 191
856 855
268 191
1432 855
718 191
1048 855
264 191
1448 855
648 191
838 855
255 191
1436 855
637 191
1112 855
79 191
868 855
181 191
864 855
53 191
1188 855
393 191
816 855
1089 191
1114 855
555 191
1214 855
159 191
980 855
335 191
1458 855
39 191
908 855
399 191
972 855
191 191
442 855
655 191
1240 855
725 191
1000 855
87 191
1134 855
45 191
1360 855
534 209
1234 855
384 209
1054 855
712 218
802 855
590 218
946 855
356 218
792 855
574 218
1334 855
544 218
1108 855
218 218
1322 855
90 218
1256 855
18 218
1384 855
1380 218
870 855
451 218
1444 855
603 218
276 855
1477 218
1236 855
589 218
1194 855
469 218
1482 855
143 218
880 855
595 218
960 855
579 218
932 855
89 218
778 855
165 218
893 855
661 218
1053 855
647 218
1445 855
591 218
1325 855
693 218
1329 855
575 218
1255 855
35 218
1419 855
495 218
1097 855
97 218
781 855
426 220
775 855
227 227
1409 855
628 229
1199 855
462 229
851 855
516 229
1425 855
1475 855
1069 855
1165 855
1029 855
787 855
855 855
929 855
1005 855
1217 855
345 855
1049 855
885 855
835 855
1399 855
1195 855
919 855
1427 855
1317 855
1359 855
1159 855
1433 855
831 855
847 855
1055 855
1437 855
959 855
869 855
961 855
819 855
1237 855
907 855
1373 855
1337 855
1187 855
773 855
1007 855
1065 855
1013 855
1203 855
1447 855
1175 855
1245 855
1369 855
943 855
33 855
1221 855
763 855
797 855
1081 855
935 855
1287 855
1321 855
883 855
1177 855
1167 855
1121 855
1071 855
973 855
843 855
1185 855
1009 855
523 855
1435 855
1135 855
1463 855
1385 855
504 229
1257 855
716 229
921 855
667 229
839 855
157 229
1133 855
713 229
52 238
127 245
245 245
269 269
283 283
651 283
358 358
965 855
400 400
1091 855
450 409
995 855
310 409
1367 855
674 415
249 855
88 415
1123 855
415 415
881 855
420 420
1277 855
758 420
1305 855
622 420
6 420
424 424
12 427
314 427
212 427
427 427
193 427
448 448
454 454
58 454
732 454
439 454
613 454
51 454
105 454
506 460
1421 855
1211 855
933 855
1339 855
909 855
1471 855
679 855
1231 855
981 855
1441 855
859 855
539 855
1139 855
1045 855
1003 855
1015 855
897 855
841 855
953 855
1357 855
1145 855
1227 855
793 855
1101 855
963 855
1295 855
1163 855
1293 855
519 855
779 855
903 855
1345 855
1051 855
1459 855
1161 855
1411 855
823 855
1489 855
1269 855
813 855
1273 855
1351 855
1209 855
1095 855
1401 855
805 855
955 855
817 855
1179 855
1067 855
807 855
767 855
1371 855
1375 855
865 855
913 855
1473 855
1349 855
941 855
1341 855
1141 855
887 855
1169 855
1197 855
1389 855
1461 855
837 855
971 855
1153 855
1395 855
1213 855
213 855
833 855
1251 855
811 855
1313 855
1479 855
993 855
1309 855
871 855
1487 855
1215 855
1333 855
1223 855
1021 855
1455 855
901 855
949 855
1275 855
1335 855
1041 855
1457 855
1391 855
1423 855
1001 855
1093 855
989 855
1103 855
803 855
1105 855
991 855
1301 855
777 855
1201 855
1191 855
979 855
863 863
875 875
1064 882
882 882
912 891
474 891
890 891
284 891
64 891
184 891
850 891
388 891
1332 891
128 891
509 891
1079 891
225 891
179 891
1160 899
914 914
554 956
1060 980
1170 980
1206 1028
1198 1037
530 1037
1037 1037
1183 1037
879 1037
1046 1046
1426 1047
1350 1047
1040 1047
1336 1047
1416 1047
1304 1047
992 1047
954 1047
1182 1047
784 1047
1486 1047
848 1047
216 1047
1006 1047
1030 1047
1428 1047
1124 1047
1178 1047
1300 1047
1454 1047
1226 1047
1258 1047
1356 1047
994 1047
1102 1047
1362 1047
1366 1047
1286 1047
1166 1047
904 1047
1318 1047
1438 1047
1242 1047
1274 1047
632 1047
1476 1047
974 1047
1070 1047
812 1047
1422 1047
1196 1047
1224 1047
1474 1047
896 1047
852 1047
1090 1047
1252 1047
1116 1047
1288 1047
1072 1047
876 1047
1388 1047
998 1047
780 1047
1278 1047
230 1047
1038 1047
1082 1047
938 1047
940 1047
1088 1047
1460 1047
776 1047
801 1047
815 1047
1467 1047
1031 1047
1377 1047
1297 1047
1125 1047
1383 1047
827 1047
1017 1047
849 1047
915 1047
1353 1047
987 1047
1319 1047
1405 1047
327 1047
937 1047
1149 1047
1157 1047
925 1047
911 1047
1343 1047
1077 1047
1387 1047
895 1047
899 1047
1115 1047
1205 1047
1047 1047
1271 1047
1449 1047
1415 1047
1207 1047
203 1047
977 1047
1061 1047
1307 1047
1265 1047
1087 1047
1085 1047
975 1047
1129 1047
1397 1047
889 1047
1469 1047
1247 1047
1403 1047
1323 1047
1281 1047
1485 1047
1263 1047
927 1047
308 1051
701 1051
437 1051
1331 1051
1280 1055
1261 1055
1279 1055
983 1055
1057 1057
1058 1058
945 1058
1490 1133
1044 1187
888 1187
1290 1187
920 1187
1440 1187
825 1187
873 1187
315 1187
894 1214
799 1214
1315 1214
939 1214
984 1245
1481 1245
1260 1260
1259 1260
1262 1262
800 1264
1249 1264
325 1293
208 1354
1354 1354
1378 1378
1136 1384
910 1396
978 1402
1010 1429
1020 1429
1398 1429
796 1429
1266 1429
846 1429
32 1429
1018 1429
790 1429
982 1429
1204 1429
1180 1429
1212 1429
11 1429
1025 1429
1219 1429
1379 1429
1155 1429
791 1429
1431 1429
857 1429
891 1429
1113 1429
1429 1429
947 1429
1119 1429
1127 1438
761 1438
1034 1456
1456 1456
744 1459
1023 1459
152 460
538 460
93 460
617 460
861 503
116 505
66 505
553 505
141 505
508 508
313 508
514 514
397 514
1019 514
540 540
207 550
686 559
280 559
542 559
354 559
200 559
370 559
142 559
62 559
291 559
429 559
1075 559
505 559
7 559
337 559
745 559
625 559
497 559
41 559
709 559
747 559
722 567
318 568
246 568
404 568
568 568
367 568
597 568
333 568
1131 568
502 579
580 580
730 585
670 615
700 648
659 659
666 666
671 671
681 681
689 689
717 699
708 708
44 708
59 708
180 729
14 729
466 729
140 729
204 729
390 729
512 729
492 729
22 729
460 729
40 729
524 729
98 729
754 729
344 729
664 729
72 729
736 729
144 729
652 729
968 729
494 729
84 729
836 729
326 729
436 729
124 729
438 729
1368 729
536 729
150 729
650 729
368 729
316 729
402 729
406 729
612 729
256 729
162 729
726 729
166 729
46 729
172 729
498 729
378 729
114 729
282 729
936 729
298 729
16 729
156 729
702 729
188 729
132 729
634 729
1152 729
660 729
10 729
562 729
490 729
446 729
1314 729
288 729
644 729
100 729
676 729
532 729
118 729
186 729
1216 729
296 729
556 729
28 729
472 729
1276 729
56 729
566 729
1484 729
756 729
394 729
1326 729
618 729
1074 729
80 729
104 729
396 729
202 729
418 729
238 729
20 729
584 729
250 729
1140 729
444 729
620 729
2 729
570 729
328 729
610 729
36 729
680 729
596 729
788 729
374 729
560 729
210 729
642 729
468 729
604 729
68 729
373 729
1 729
703 729
443 729
535 729
755 729
21 729
577 729
967 729
715 729
331 729
347 729
293 729
489 729
403 729
515 729
453 729
547 729
363 729
81 729
645 729
387 729
711 729
419 729
541 729
741 729
9 729
735 729
467 729
187 729
631 729
1225 729
379 729
351 729
73 729
507 729
501 729
259 729
675 729
267 729
1407 729
417 729
685 729
1171 729
449 729
241 729
481 729
483 729
99 729
561 729
1109 729
69 729
239 729
177 729
119 729
189 729
477 729
121 729
1413 729
727 729
219 729
563 729
305 729
301 729
1063 729
117 729
559 729
295 729
257 729
1117 729
573 729
209 729
357 729
609 729
297 729
729 729
311 729
1239 729
211 729
299 729
721 729
677 729
113 729
809 729
1439 729
1365 729
31 729
137 729
149 729
109 729
15 729
441 729
585 729
371 729
479 729
317 729
223 729
461 729
615 729
669 729
151 729
101 729
353 729
125 729
383 729
175 729
743 729
1451 729
145 729
583 729
253 729
1189 729
1381 729
431 729
13 729
619 729
405 729
349 729
205 729
445 729
537 729
377 729
493 729